10 1
10 2
10 2
10 1
10 1
10 2
10 1
10 2
10 1
10 2
10 2
10 2
10 1
10 1
10 6
10 1
10 1
10 1
10 1
10 1
10 1
10 1
10 1
10 1
10 1
10 1
10 1
10 1
10 1
10 1
10 1
10 1
10 2
10 1
10 4
10 1
10 1
10 1
10 1
10 1
10 1
10 1
10 1
10 2
10 1
10 1
10 1
10 1
10 1
10 1
10 1
10 1
10 4
10 1
10 1
10 1
10 1
10 2
10 1
10 1
10 1
10 1
10 1
10 2
10 1
10 1
10 1
10 1
10 1
10 1
10 1
10 1
10 1
10 1
10 1
10 1
10 1
10 1
10 1
10 4
10 1
5 3
10 1
10 1
10 2
10 1
10 1
10 1
10 1
10 1
10 1
10 1
10 1
10 1
10 1
10 1
10 1
10 1
10 2
10 1
10 1
10 1
5 1
10 1
10 8
10 1
10 1
10 1
10 3
10 3
10 2
10 1
10 1
10 1
10 2
10 2
10 2
10 2
10 1
10 3
10 3
10 2
10 1
10 1
5 2
10 1
10 1
10 1
10 1
10 1
10 1
10 3
10 1
10 1
10 1
10 1
10 1
10 1
10 1
10 5
10 2
10 2
10 1
10 2
10 1
10 1
10 1
10 1
10 1
10 3
10 4
10 4
10 1
10 1
10 1
10 2
10 1
10 2
10 1
10 1
10 7
10 1
10 1
10 1
10 1
10 1
10 1
10 2
10 2
10 1
10 1
10 2
10 1
10 2
10 1
10 2
10 2
10 2
10 1
10 1
10 6
10 1
10 1
10 1
10 1
10 1
10 1
10 1
10 1
10 1
10 1
10 1
10 1
10 1
10 1
10 1
10 1
10 1
10 2
10 1
10 4
10 1
10 1
10 1
10 1
10 1
10 1
10 1
10 1
10 2
10 1
10 1
10 1
10 1
10 1
10 1
10 1
10 1
10 4
10 1
10 1
10 1
10 1
10 2
10 1
10 1
10 1
10 1
10 1
10 2
10 1
10 1
10 1
10 1
10 1
10 1
10 1
10 1
10 1
10 1
10 1
10 1
10 1
10 1
10 1
10 4
10 1
5 3
10 1
10 1
10 2
10 1
10 1
10 1
10 1
10 1
10 1
10 1
10 1
10 1
10 1
10 1
10 1
10 1
10 2
10 1
10 1
10 1
5 1
10 1
10 8
10 1
10 1
10 1
10 3
10 3
10 2
10 1
10 1
10 1
10 2
10 2
10 2
10 2
10 1
10 3
10 3
10 2
10 1
10 1
5 2
10 1
10 1
10 1
10 1
10 1
10 1
10 3
10 1
10 1
10 1
10 1
10 1
10 1
10 1
10 5
10 2
10 2
10 1
10 2
10 1
10 1
10 1
10 1
10 1
10 3
10 4
10 4
10 1
10 1
10 1
10 2
10 1
10 2
10 1
10 1
10 7
10 1
10 1
10 1
10 1
10 1
10 1
11 1
12 1
10 2
11 2
12 2
10 2
11 2
12 2
10 1
11 1
12 1
10 1
11 1
12 1
10 2
11 2
12 2
10 1
11 1
12 1
10 2
11 2
12 2
10 1
11 1
12 1
10 2
11 2
12 2
10 2
11 2
12 2
10 2
11 2
12 2
10 1
11 1
12 1
10 1
11 1
12 1
10 6
11 6
12 6
10 1
11 1
12 1
10 1
11 1
12 1
10 1
11 1
12 1
10 1
11 1
12 1
10 1
11 1
12 1
10 1
11 1
12 1
10 1
11 1
12 1
10 1
11 1
12 1
10 1
11 1
12 1
10 1
11 1
12 1
10 1
11 1
12 1
10 1
11 1
12 1
10 1
11 1
12 1
10 1
11 1
12 1
10 1
11 1
12 1
10 1
11 1
12 1
10 1
11 1
12 1
10 2
11 2
12 2
10 1
11 1
12 1
10 4
11 4
12 4
10 1
11 1
12 1
10 1
11 1
12 1
10 1
11 1
12 1
10 1
11 1
12 1
10 1
11 1
12 1
10 1
11 1
12 1
10 1
11 1
12 1
10 1
11 1
12 1
10 2
11 2
12 2
10 1
11 1
12 1
10 1
11 1
12 1
10 1
11 1
12 1
10 1
11 1
12 1
10 1
11 1
12 1
10 1
11 1
12 1
10 1
11 1
12 1
10 1
11 1
12 1
10 4
11 4
12 4
10 1
11 1
12 1
10 1
11 1
12 1
10 1
11 1
12 1
10 1
11 1
12 1
10 2
11 2
12 2
10 1
11 1
12 1
10 1
11 1
12 1
10 1
11 1
12 1
10 1
11 1
12 1
10 1
11 1
12 1
10 2
11 2
12 2
10 1
11 1
12 1
10 1
11 1
12 1
10 1
11 1
12 1
10 1
11 1
12 1
10 1
11 1
12 1
10 1
11 1
12 1
10 1
11 1
12 1
10 1
11 1
12 1
10 1
11 1
12 1
10 1
11 1
12 1
10 1
11 1
12 1
10 1
11 1
12 1
10 1
11 1
12 1
10 1
11 1
12 1
10 1
11 1
12 1
10 4
11 4
12 4
10 1
11 1
12 1
5 3
10 1
11 1
12 1
10 1
11 1
12 1
10 2
11 2
12 2
10 1
11 1
12 1
10 1
11 1
12 1
10 1
11 1
12 1
10 1
11 1
12 1
10 1
11 1
12 1
10 1
11 1
12 1
10 1
11 1
12 1
10 1
11 1
12 1
10 1
11 1
12 1
10 1
11 1
12 1
10 1
11 1
12 1
10 1
11 1
12 1
10 1
11 1
12 1
10 2
11 2
12 2
10 1
11 1
12 1
10 1
11 1
12 1
10 1
11 1
12 1
5 1
10 1
11 1
12 1
10 8
11 8
12 8
10 1
11 1
12 1
10 1
11 1
12 1
10 1
11 1
12 1
10 3
11 3
12 3
10 3
11 3
12 3
10 2
11 2
12 2
10 1
11 1
12 1
10 1
11 1
12 1
10 1
11 1
12 1
10 2
11 2
12 2
10 2
11 2
12 2
10 2
11 2
12 2
10 2
11 2
12 2
10 1
11 1
12 1
10 3
11 3
12 3
10 3
11 3
12 3
10 2
11 2
12 2
10 1
11 1
12 1
10 1
11 1
12 1
5 2
10 1
11 1
12 1
10 1
11 1
12 1
10 1
11 1
12 1
10 1
11 1
12 1
10 1
11 1
12 1
10 1
11 1
12 1
10 3
11 3
12 3
10 1
11 1
12 1
10 1
11 1
12 1
10 1
11 1
12 1
10 1
11 1
12 1
10 1
11 1
12 1
10 1
11 1
12 1
10 1
11 1
12 1
10 5
11 5
12 5
10 2
11 2
12 2
10 2
11 2
12 2
10 1
11 1
12 1
10 2
11 2
12 2
10 1
11 1
12 1
10 1
11 1
12 1
10 1
11 1
12 1
10 1
11 1
12 1
10 1
11 1
12 1
10 3
11 3
12 3
10 4
11 4
12 4
10 4
11 4
12 4
10 1
11 1
12 1
10 1
11 1
12 1
10 1
11 1
12 1
10 2
11 2
12 2
10 1
11 1
12 1
10 2
11 2
12 2
10 1
11 1
12 1
10 1
11 1
12 1
10 7
11 7
12 7
10 1
11 1
12 1
10 1
11 1
12 1
10 1
11 1
12 1
10 1
11 1
12 1
10 1
11 1
12 1
